2819,42.14
2857,43.62
2897,45.34
2936,47.41
2975,48.95
3015,50.15
3054,50.77
3094,51.89
3133,51.46
3173,52.33
3212,51.77
3252,51.77
3292,50.71
3331,50.20
3369,49.29
3409,47.67
3448,46.87
3487,46.21
3526,44.57
3565,43.04
3604,41.99
3643,41.07
3682,40.32
3721,40.15
3760,39.30
3799,38.95
3837,39.35
3875,39.05
3914,39.71
3953,40.07
3992,40.58
4031,40.68
4070,41.73
4109,42.43
4148,42.79
4187,43.96
4226,44.27
4264,45.39
4304,46.00
4343,45.60
4382,46.39
4421,47.06
4461,47.31
4500,46.85
4539,46.80
4578,47.57
4618,46.85
4657,46.55
4696,46.60
4734,46.24
4774,45.85
4813,45.27
4852,44.37
4891,43.96
4930,43.57
4969,42.89
5008,42.19
5047,43.21
5086,42.19
5125,42.14
5164,42.09
5202,42.14
5241,42.24
5280,42.81
5319,42.59
5358,42.86
5397,43.11
5436,43.42
5475,43.66
5515,43.81
5554,44.47
5593,44.73
5632,44.93
5670,44.69
5709,44.88
5748,44.93
5788,45.27
5827,45.24
5866,44.76
5905,44.32
5944,44.73
5983,44.57
6023,44.32
6062,44.17
6100,44.37
6139,44.22
6178,44.06
6217,43.96
6256,43.52
6295,43.42
6334,43.37
6373,43.30
6412,43.67
6451,43.66
6491,43.20
6530,43.25
6568,43.30
6607,43.35
6646,43.45
6685,43.50
6724,43.61
6763,43.71
6802,43.76
6841,43.96
6880,44.01
6919,44.47
6958,44.52
6998,44.06
7036,44.91
7075,44.12
7114,44.12
7153,44.47
7192,44.17
7231,44.12
7270,44.12
7310,43.96
7349,44.32
7388,43.91
7427,43.86
7465,43.81
7504,44.73
7543,43.86
7582,43.81
7621,43.81
7661,44.06
7700,43.66
7739,43.66
7778,44.12
7817,43.71
7856,43.71
7895,44.17
7933,43.86
7972,43.86
8011,44.32