2677,43.66
2717,43.40
2756,42.89
2795,41.99
2833,39.76
2872,38.33
2911,37.57
2950,36.05
2988,35.41
3026,34.95
3064,34.74
3103,34.85
3141,35.60
3180,35.87
3219,37.18
3258,37.74
3296,39.15
3335,41.04
3374,42.14
3412,43.72
3452,45.24
3491,46.75
3530,48.18
3570,49.44
3609,50.46
3649,51.67
3688,51.79
3728,51.97
3767,51.92
3807,51.58
3846,50.92
3886,50.07
3924,48.95
3963,47.74
4003,46.19
4042,44.68
4081,43.57
4120,42.04
4159,40.17
4198,38.86
4236,37.79
4275,36.82
4314,36.05
4352,36.00
4390,35.36
4428,35.36
4467,36.05
4506,36.21
4545,37.02
4583,37.98
4622,39.20
4661,40.94
4700,41.94
4739,43.40
4777,44.88
4816,46.36
4856,47.62
4895,48.79
4935,49.80
4974,51.02
5014,51.14
5053,51.38
5093,51.38
5132,51.46
5172,50.56
5211,49.76
5250,48.89
5289,48.01
5328,46.70
5367,44.88
5406,43.93
5445,42.09
5484,40.73
5523,39.91
5562,38.23
5600,37.43
5639,37.13
5678,36.21
5716,36.31
5754,35.90
5793,36.16
5831,36.62
5870,37.33
5909,38.25
5948,39.20
5987,40.43
6026,41.73
6065,43.10
6104,44.88
6142,45.83
6181,47.67
6221,48.28
6260,49.25
6300,50.00
6339,50.51
6379,51.63
6418,50.82
6458,50.97
6497,50.10
6537,49.39
6576,48.88
6615,47.52
6654,46.19
6693,44.93
6732,43.57
6771,42.24
6810,40.97
6849,39.81
6887,38.86
6926,37.94
6965,37.28
7004,36.70
7042,36.51
7080,36.46
7119,36.55
7157,37.07
7196,38.08
7235,38.50
7274,39.35
7313,40.58
7352,41.79
7391,43.06
7430,44.27
7469,45.54
7507,46.70
7546,47.87
7586,49.08
7625,49.85
7665,49.95
7704,50.61
7744,50.26
7783,50.05
7823,49.74
7862,48.98
7901,48.16
7941,47.16
7980,46.05
8018,44.88
8057,43.61
8096,42.50
8135,41.33
8174,40.22
8213,39.15
8252,38.84
8290,37.79
8329,37.33
8368,37.48
8406,37.02
8444,37.18
8483,37.59
8522,38.03
8560,38.89
8599,39.81
8638,40.83
8677,41.94
8716,43.10
8755,44.68
8795,45.75
8834,46.45
8872,47.47
8912,48.74
8951,48.98
8991,49.54
9030,49.71
9069,49.71
9109,49.97
9148,49.15
9188,48.52
9227,48.13
9266,47.31
9306,45.80
9345,44.68
9383,43.55
9422,42.40
9461,41.33
9500,40.31
9538,39.51
9577,38.79
9616,38.18
9655,37.79
9694,37.98
9732,37.53
9771,37.74
9809,38.08
9848,38.64
9886,39.76
9925,40.17
9964,41.14
10003,42.14
10042,43.67
10082,44.32
10121,45.29
10160,46.31
10199,47.31
10238,47.98
10277,48.57
10317,49.00
10356,49.20
10396,49.18
10435,49.00
10474,48.74
10514,48.49
10553,47.31
10593,46.48
10632,45.88
10671,44.47
10710,43.83
10748,42.50
10787,41.48
10826,40.58
10865,39.76
10904,39.12
10943,38.89
10982,38.15
11020,38.04
11059,38.04
11098,38.25
11137,38.59
11175,39.10
11214,39.66
11253,40.48
11292,41.33
11331,42.30
11370,43.30
11409,44.32
11448,45.39
11488,46.31
11527,47.01
11566,47.67
11606,48.21
11644,49.00
11683,48.84
11723,49.10
11762,48.49