4539,46.46
4579,45.17
4618,44.06
4657,42.99
4696,42.04
4734,41.17
4773,40.88
4811,40.37
4850,39.56
4889,39.76
4928,39.25
4967,39.35
5006,39.46
5045,39.91
5083,40.78
5122,41.38
5160,41.58
5199,42.24
5238,42.96
5277,43.66
5317,44.22
5356,44.83
5395,45.37
5434,45.85
5473,46.75
5513,46.50
5552,46.65
5591,46.70
5629,46.77
5669,46.90
5708,46.29
5747,46.45
5786,46.21
5826,45.27
5865,44.88
5904,44.42
5943,44.01
5982,43.71
6021,43.32
6060,43.42
6098,42.70
6137,42.50
6176,42.35
6215,42.24
6254,42.65
6293,42.24
6332,42.35
6371,42.50
6410,42.70
6449,42.91
6488,43.16
6528,43.42
6566,43.55
6605,43.81
6644,44.08
6683,44.27
6722,44.47
6761,44.63
6800,44.42
6839,44.88
6878,44.88
6918,44.78
6957,44.73
6995,45.09
7034,44.93
7073,44.52
7112,44.37
7151,44.23
7191,44.06
7230,43.81
7269,43.71
7308,43.55
7347,43.45
7386,43.35
7425,43.30
7463,43.25
7502,43.27
7541,43.37
7580,43.37
7619,43.40
7658,43.47
7697,43.52
7736,43.61
7776,43.57
7815,43.67
7854,44.12
7892,43.42
7931,43.88
7970,43.93
8009,44.06
8048,44.12
8087,44.18
8126,44.17
8166,44.08
8205,44.06
8244,44.06
8283,44.06
8322,44.01
8360,44.42
8399,43.67
8438,44.03
8477,43.62
8516,43.96
8555,43.93
8595,43.52
8634,43.76
8673,43.76