1479,39.71
1518,41.63
1557,43.57
1596,45.29
1635,46.97
1675,48.16
1714,49.69
1754,50.46
1793,50.61
1832,50.97
1871,50.82
1911,50.66
1950,50.92
1990,50.36
2029,48.23
2068,47.31
2107,46.85
2147,45.73
2186,44.37
2225,43.81
2264,42.96
2302,42.24
2341,41.19
2380,40.61
2419,40.48
2458,40.20
2497,40.02
2535,40.12
2574,40.22
2613,39.97
2652,40.27
2691,40.63
2729,41.04
2768,41.48
2807,41.85
2846,42.30
2885,42.76
2924,44.13
2963,44.06
3002,44.01
3041,44.73
3081,44.42
3120,44.98
3159,45.07
3197,44.73
3236,45.19
3275,45.14
3315,44.88
3354,45.19
3393,44.57
3432,43.96
3471,44.29
3510,43.67
3549,43.88
3588,43.27
3627,43.50
3666,43.32
3705,42.81
3744,42.70
3783,42.91
3822,42.45
3861,42.45
3900,42.45
3939,42.84
3978,42.91
4017,43.35
4056,42.65
4094,42.69
4133,43.61
4172,42.84
4211,43.76
4250,43.01
4289,43.06
4328,43.11
4367,43.27
4406,43.32
4445,44.17
4484,43.76
4523,43.40
4562,43.42
4601,43.72
4640,43.71
4679,43.71