0.00E+00	7.55E-02
3.33E-02	6.98E-02
6.67E-02	6.15E-02
1.00E-01	5.23E-02
1.33E-01	4.16E-02
1.67E-01	3.24E-02
2.00E-01	2.20E-02
2.33E-01	1.42E-02
2.67E-01	8.73E-03
3.00E-01	4.14E-03
3.33E-01	3.45E-03
3.67E-01	6.43E-03
4.00E-01	8.96E-03
4.33E-01	1.45E-02
4.67E-01	2.23E-02
5.00E-01	3.21E-02
5.33E-01	4.20E-02
5.67E-01	5.19E-02
6.00E-01	6.24E-02
6.33E-01	7.09E-02
6.67E-01	7.56E-02
7.00E-01	7.85E-02
7.33E-01	7.81E-02
7.67E-01	7.54E-02
8.00E-01	6.86E-02
8.33E-01	6.13E-02
8.67E-01	5.13E-02
9.00E-01	4.20E-02
9.33E-01	3.17E-02
9.67E-01	2.14E-02
1.00E+00	1.29E-02
1.03E+00	7.24E-03
1.07E+00	2.68E-03
1.10E+00	8.61E-04
1.13E+00	2.32E-03
1.17E+00	6.33E-03
1.20E+00	1.22E-02
1.23E+00	1.93E-02
1.27E+00	2.84E-02
1.30E+00	3.82E-02
1.33E+00	4.82E-02
1.37E+00	5.81E-02
1.40E+00	6.74E-02
1.43E+00	7.32E-02
1.47E+00	7.61E-02
1.50E+00	7.61E-02
1.53E+00	7.39E-02
1.57E+00	6.94E-02
1.60E+00	6.19E-02
1.63E+00	5.13E-02
1.67E+00	4.22E-02
1.70E+00	3.15E-02
1.73E+00	2.22E-02
1.77E+00	1.32E-02
1.80E+00	6.51E-03
1.83E+00	3.59E-03
1.87E+00	1.41E-03
1.90E+00	1.59E-03
1.93E+00	4.50E-03
1.97E+00	9.79E-03
2.00E+00	1.69E-02
2.03E+00	2.67E-02
2.07E+00	3.57E-02
2.10E+00	4.62E-02
2.13E+00	5.53E-02
2.17E+00	6.46E-02
2.20E+00	7.19E-02
2.23E+00	7.54E-02
2.27E+00	7.65E-02
2.30E+00	7.45E-02
2.33E+00	6.95E-02
2.37E+00	6.23E-02
2.40E+00	5.39E-02
2.43E+00	4.35E-02
2.47E+00	3.37E-02
2.50E+00	2.55E-02
2.53E+00	1.53E-02
2.57E+00	7.97E-03
2.60E+00	3.96E-03
2.63E+00	6.79E-04
2.67E+00	-5.02E-05
2.70E+00	1.77E-03
2.73E+00	6.87E-03
2.77E+00	1.31E-02
2.80E+00	2.14E-02
2.83E+00	3.07E-02
2.87E+00	4.09E-02
2.90E+00	4.93E-02
2.93E+00	5.62E-02
2.97E+00	6.32E-02
3.00E+00	6.66E-02
3.03E+00	6.75E-02